-23.40
-34.00
-21.70
-22.20
-33.70
-36.00
-28.00
-32.60
-21.90
-32.40
-30.70
-15.90
-32.20
-34.80
-38.10
-18.60
-13.50
-36.60
-38.30
-21.10
-23.50
-26.40
-31.70
-14.70
-26.50
-32.50
-21.30
-22.70
-17.40
-30.80
-14.00
-37.90
-21.70
-23.20
-30.60
-29.90
-24.50
-31.60
-23.30
-31.60
-41.50
-21.90
-26.80
-22.70
-21.40
-36.90
-24.90
-24.70
-28.00
-8.60
-28.40
-19.30
-17.40
-19.10
-36.50
-10.14
-32.10
-18.20
-28.40
-29.40
-28.70
-23.20
-24.40
-21.00
-17.60
-26.40
-24.10
-39.60
-22.90
-35.10
-19.40
-29.20
-18.40
-31.00
-25.30
-19.40
-16.30
-21.70
-30.00
-29.90
-30.70
-33.70
-33.50
-37.30
-27.20
-30.10
-16.00
-24.10
-31.90
-28.10
-19.60
-30.50
-34.60
-15.40
-42.80
-42.60
-11.20
-28.40
-25.10
-33.60
